[gd_scene load_steps=2 format=2]

[ext_resource path="res://Mapping/Scenes/Crate.tscn" type="PackedScene" id=1]

[node name="BunchOfCrates" type="Spatial"]

[node name="Crate" parent="." instance=ExtResource( 1 )]
transform = Transform( 0.969604, 0, 0.244681, 0, 1, 0, -0.244681, 0, 0.969604, -0.211617, 0, -1.27519 )

[node name="Crate2" parent="." instance=ExtResource( 1 )]
transform = Transform( 0.566953, 0, -0.82375, 0, 1, 0, 0.82375, 0, 0.566953, 0.753049, 0, 0.983895 )

[node name="Crate3" parent="." instance=ExtResource( 1 )]
transform = Transform( 0.566953, 0, -0.82375, 0, 1, 0, 0.82375, 0, 0.566953, 0.149, 2, -0.245 )
