[gd_scene load_steps=3 format=2]

[ext_resource path="res://Mapping/Textures/Box1.png" type="Texture" id=1]


[sub_resource type="BoxShape" id=1]
extents = Vector3( 0.65, 1, 0.75 )

[node name="Spatial" type="Spatial"]

[node name="Sprite3D" type="Sprite3D" parent="."]
transform = Transform( 0.544888, 0, 0.838509, 0, 1, 0, -0.838509, 0, 0.544888, -0.00421381, 0, 0.273895 )
texture = ExtResource( 1 )

[node name="Sprite3D6" type="Sprite3D" parent="."]
transform = Transform( 0.544888, 0, 0.838509, 0, 1, 0, -0.838509, 0, 0.544888, -0.534512, 0, -0.0707078 )
texture = ExtResource( 1 )

[node name="Sprite3D2" type="Sprite3D" parent="."]
transform = Transform( 0.838509, -0.544888, 8.87735e-08, 0, -1.62921e-07, -1, 0.544888, 0.838509, -1.3661e-07, -0.26718, 0.310638, 0.100325 )
texture = ExtResource( 1 )

[node name="Sprite3D4" type="Sprite3D" parent="."]
transform = Transform( 0.838509, 0, -0.544888, 0, 1, 0, 0.544888, 0, 0.838509, -0.0939407, 0, -0.166266 )
texture = ExtResource( 1 )

[node name="Sprite3D5" type="Sprite3D" parent="."]
transform = Transform( 0.838509, 0, -0.544888, 0, 1, 0, 0.544888, 0, 0.838509, -0.442828, 0, 0.370624 )
texture = ExtResource( 1 )

[node name="Sprite3D3" type="Sprite3D" parent="."]
transform = Transform( 0.326657, 0, 0.945143, 0, 1, 0, -0.945143, 0, 0.326657, -0.408093, 0, -0.404077 )
texture = ExtResource( 1 )

[node name="Sprite3D7" type="Sprite3D" parent="."]
transform = Transform( 0.326657, 0, 0.945143, 0, 1, 0, -0.945143, 0, 0.326657, -1.00583, 0, -0.610665 )
texture = ExtResource( 1 )

[node name="Sprite3D8" type="Sprite3D" parent="."]
transform = Transform( 0.945143, -0.326657, 5.32192e-08, 0, -1.62921e-07, -1, 0.326657, 0.945143, -1.53983e-07, -0.703755, 0.310638, -0.513158 )
texture = ExtResource( 1 )

[node name="Sprite3D9" type="Sprite3D" parent="."]
transform = Transform( 0.945143, 0, -0.326657, 0, 1, 0, 0.326657, 0, 0.945143, -0.601292, 0, -0.809622 )
texture = ExtResource( 1 )

[node name="Sprite3D10" type="Sprite3D" parent="."]
transform = Transform( 0.945143, 0, -0.326657, 0, 1, 0, 0.326657, 0, 0.945143, -0.810448, 0, -0.204455 )
texture = ExtResource( 1 )

[node name="Sprite3D11" type="Sprite3D" parent="."]
transform = Transform( -0.994933, 0, -0.100536, 0, 1, 0, 0.100536, 0, -0.994933, -0.604614, 0.629212, -0.491397 )
texture = ExtResource( 1 )

[node name="Sprite3D12" type="Sprite3D" parent="."]
transform = Transform( -0.994933, 0, -0.100536, 0, 1, 0, 0.100536, 0, -0.994933, -0.541033, 0.629212, 0.137829 )
texture = ExtResource( 1 )

[node name="Sprite3D13" type="Sprite3D" parent="."]
transform = Transform( -0.100535, 0.994933, -1.62095e-07, 0, -1.62921e-07, -1, -0.994933, -0.100535, 1.63793e-08, -0.569517, 0.939851, -0.170176 )
texture = ExtResource( 1 )

[node name="Sprite3D14" type="Sprite3D" parent="."]
transform = Transform( -0.100535, 0, 0.994933, 0, 1, 0, -0.994933, 0, -0.100535, -0.891504, 0.629212, -0.145727 )
texture = ExtResource( 1 )

[node name="Sprite3D15" type="Sprite3D" parent="."]
transform = Transform( -0.100535, 0, 0.994933, 0, 1, 0, -0.994933, 0, -0.100535, -0.254457, 0.629212, -0.210099 )
texture = ExtResource( 1 )

[node name="StaticBody" type="StaticBody" parent="."]

[node name="CollisionShape" type="CollisionShape" parent="StaticBody"]
transform = Transform( 1, 0, 0, 0, 1, 0, 0, 0, 1, -0.47125, 0.364527, -0.183318 )
shape = SubResource( 1 )
