[gd_scene load_steps=3 format=2]

[ext_resource path="res://Props/Box1.png" type="Texture" id=1]

[sub_resource type="BoxShape" id=1]
extents = Vector3( 0.498336, 0.340689, 0.768383 )

[node name="Spatial" type="Spatial"]

[node name="Sprite3D" type="Sprite3D" parent="."]
transform = Transform( 0.978828, 0, -0.204684, 0, 1, 0, 0.204684, 0, 0.978828, -0.0647437, 0, 0.564481 )
texture = ExtResource( 1 )

[node name="Sprite3D2" type="Sprite3D" parent="."]
transform = Transform( 0.204684, 0, 0.978828, 0, 1, 0, -0.978828, 0, 0.204684, 0.31654, 0, 0.318653 )
texture = ExtResource( 1 )

[node name="Sprite3D3" type="Sprite3D" parent="."]
transform = Transform( 0.978828, 0, -0.204684, 0, 1, 0, 0.204684, 0, 0.978828, 0.0670384, 0, -0.05491 )
texture = ExtResource( 1 )

[node name="Sprite3D4" type="Sprite3D" parent="."]
transform = Transform( 0.204684, 0, 0.978828, 0, 1, 0, -0.978828, 0, 0.204684, -0.309544, 0, 0.187367 )
texture = ExtResource( 1 )

[node name="Sprite3D5" type="Sprite3D" parent="."]
transform = Transform( 0.204684, 0.978828, -1.59471e-07, 0, -1.62921e-07, -1, -0.978828, 0.204684, -3.33472e-08, -0.000104751, 0.321384, 0.259509 )
texture = ExtResource( 1 )

[node name="Sprite3D6" type="Sprite3D" parent="."]
transform = Transform( 0.937227, 0, 0.348719, 0, 1, 0, -0.348719, 0, 0.937227, 0.349206, 0, 1.3061 )
texture = ExtResource( 1 )

[node name="Sprite3D7" type="Sprite3D" parent="."]
transform = Transform( -0.348719, 0, 0.937227, 0, 1, 0, -0.937227, 0, -0.348719, 0.527206, 0, 0.894843 )
texture = ExtResource( 1 )

[node name="Sprite3D8" type="Sprite3D" parent="."]
transform = Transform( 0.937227, 0, 0.348719, 0, 1, 0, -0.348719, 0, 0.937227, 0.116952, 0, 0.711833 )
texture = ExtResource( 1 )

[node name="Sprite3D9" type="Sprite3D" parent="."]
transform = Transform( -0.348719, 0, 0.937227, 0, 1, 0, -0.937227, 0, -0.348719, -0.0724634, 0, 1.11758 )
texture = ExtResource( 1 )

[node name="Sprite3D10" type="Sprite3D" parent="."]
transform = Transform( -0.348719, 0.937227, -1.52694e-07, 0, -1.62921e-07, -1, -0.937227, -0.348719, 5.68136e-08, 0.221663, 0.288791, 1.00577 )
texture = ExtResource( 1 )

[node name="StaticBody" type="StaticBody" parent="."]

[node name="CollisionShape" type="CollisionShape" parent="StaticBody"]
transform = Transform( 1, 0, 0, 0, 1, 0, 0, 0, 1, 0.113965, 0, 0.637859 )
shape = SubResource( 1 )
